31147012
23242017
48176910
23645383
44950610
21512109
28604564
40604354
26939038
44980637
25387759
31624703
56940060
32176615
23367530
29424608
35393020
44950057
31378618
26412498
33147686
33313489
21416541
44216430
16523046
14947604
31764947
33670125
25698401
70250001
44531682
26026288
31942918
46350060
75912315
30491653
22222222
31717472
74560300
20805935
25502582
20331225
33236080
48192969
59432567
39463070
60940100
26796644
29988641
20316039
35025243
61397790
34447098
33861583
18124270
17454692
30521064
45857049
33123174
48165304
17781189
45852000
30077504
28158874
24243966
33265166
29078238
15001909
12575297
45852316
3324135
35410074
71721123
31414405
31549280
25786548
30939220
86344331
97182179
76823380
28708475
27022235
61231714
32494765
28709889
21433942
17782193
19088774
32703663
34358761
31267069
25822234
27127089
52891728
28715242
59560616
20130606
40104807
25224981
88171012
28453760
33210033
96840810
70220717
75178788
22735447
49211218
70585219
29337985
45810715
86194884
54850338
70208122
40859011
44576000
33733941
26738288
60765014
29818363
9999
33333527
49148888
25887425
88827005
19920437
11162649
27416985
35398171
33548389
12562578
35356463
27219195
40924221
70200348
26547105
19634604
27919106
27223478
35994750
71990937
70253252
86961819
22814003
31895820
33083351
32962045
28111111
28313918
45806510
35814256
20771779
271270890
62225900
22446666
314144050
10075211
45570320
40310315
26126039
27263674
44977785
35547754
98921003
33443781
17360337
58194062
30355636
45860121
17414895
31515386
28857047
21826588
13956286
28155263
45535054
21847577
30920961
30472616
58370099
23679519
6866911
45764148
36179122
1
29240043
16276081
34729131
16174386
43998700
97120445
34243336
26656648
11837077
28319142
74622515
97320456
15151515
40534474
65919933
62212111
75509897
65310261
33240187
28475381
35020500
31913829
74421708
70208555
75143940
86133131